32211434
43421333
42312333
32241124
23414132
14132422
13313244
11224242
31134144
41422424
44232321
12121243
34342434
24141122
12343433
43122343
22134122
12121221
41241141
41334321
23131432
13312134
11344121
42134231
34424411
23344444
33314212
12241123
31222144
23421242
42141411
34331242
41421342
41211411
23132423
22144312
24441113
24322334
24314141
34241124
12211412
31134132
12122313
43421412
31433132
14121124
23422224
41412111
11132112
31314343
41422343
14431324
31141211
44321312
34112141
12333113
31313243
42232323
24133112
14132314
21323221
21413332
31142223
42224144
44444211
41412333
23242233
11323441
33233243
11443212
13142123
33442141
11311113
41114324
34324133
32333122
41333444
34242233
44322323
34323123
34412213
21321212
43131432
44233241
12131333
14341222
24221132
12123143
43343444
42443333
23424422
11231343
41414321
13111311
44442223
34114243
21323144
11223141
13244421
33234211
42442333
43334223
14213124
24311214
33321244
23341444
33244441
44141122
22314431
32421122
34333414
22222241
33321224
13323324
34111231
42441343
41334414
43214443
44141144
34413324
24243321
41112441
13341121
22243423
41441141
41312121
33322223
42343314
44344241
31442121
11421113
41442144
41441121
43321231
42121113
11223434
44132224
34113322
34331433
21343343
41241433
31321331
31111413
43243424
22111333
14121441
33234124
21342322
13224433
24411212
33414343
24331343
31113444
23342113
