11121123
31111313
13442433
14243223
41413414
22332421
11132412
13441434
21214232
33411232
42344411
14414213
12414434
21221413
24112131
11422144
23134224
13342142
14332332
33331333
43441133
13214133
43441131
11222313
11431213
41141232
44131113
44434223
44314413
41144312
43241244
43114241
24231141
44344124
41231341
32431223
44314431
11432243
24321234
12422431
13314412
34231213
31322222
33333321
12422411
33423433
33423431
32432213
24411343
12244231
33124423
32131114
33334333
44214112
21124224
13234433
22143131
44214121
13233413
32311331
22241414
31113231
14334221
12334443
