11211123
43114314
21213342
22111412
24324224
22113442
12334411
21331132
12242241
11132242
12322112
21444423
21231431
42111114
22241114
44213423
14444242
21443413
22123331
43234433
34312222
31112141
43221124
33422314
44243131
44421311
24122222
21311332
21132131
14322431
13334243
41144411
21132143
31324144
32311232
24333121
44423312
31332331
43434144
43143332
44124313
12224131
42114232
43143342
12224133
42322113
14232221
33424314
41444412
32234413
41134132
44113131
22244121
11421413
33421221
12143331
43142344
43141321
11122422
42411224
14312123
21134112
13331112
44242124
34444413
12311242
33423244
21313334
34433144
11333334
44331224
33423234
31121242
32233321
44424231
14414424
32311144
24121333
14244444
41211123
14232144
11122211
33133431
21434313
41211131
11331134
21132244
12241443
21434331
44423224
24241132
44333114
24413141
33211224
33432412
31332221
44221444
22111222
33212244
21343222
42422323
21344243
44121113
12323332
33221444
32144212
32143144
12314233
14242331
21442433
13214223
21442432
12313212
41213112
44122222
11243131
13423133
21433233
41133224
12234341
34142441
12443231
43311231
23221134
41313432
41134211
13421112
14412333
